# for gnuplot plotting
##     # results d=1             d=2                   d=3
0      2.0040816326531585        4.008163265306193    8.565444482877865 
6      6.0                      6.0                   8.565444482877865
7      7.0                      7.0                   8.565444482877865
0      3.0061224489796565       6.0061224489794895    8.565444482877865
6      6.0                      6.0061224489794895    8.565444482877865
8      8.0                      8.0                   8.565444482877865
3      5.818078552175566        7.3787190347836935    8.565444482877865
3      5.818078552175566        7.3787190347836935    8.565444482877865
6      6.0                      7.3787190347836935    8.565444482877865
6      6.0                      7.3787190347836935    8.565444482877865
7      7.0                      7.3787190347836935    8.565444482877865
6      6.999999999999982        7.3787190347836935    8.565444482877865
8      8.0                      8.0                   8.565444482877865
6      6.0                      7.590670146465265     8.565444482877865
3      5.486685661549252        7.590670146465265     8.565444482877865
4      5.486685661549252        7.590670146465265     8.565444482877865
7      7.0                      7.590670146465265     8.565444482877865
7      7.0                      7.590670146465265     8.565444482877865
7      7.0                      7.590670146465265     8.565444482877865
6      6.999999999999888        7.590670146465265     8.565444482877865
7      7.0                      7.590670146465265     8.565444482877865
2      5.003974754909639        7.590670146465265     8.565444482877865
5      5.003974754909639        7.590670146465265     8.565444482877865
6      6.0                      7.590670146465265     8.565444482877865
5      5.99999999999992         7.590670146465265     8.565444482877865
4      5.99999999999992         7.590670146465265     8.565444482877865
4      5.99999999999992         7.590670146465265     8.565444482877865
7      7.0                      7.590670146465265     8.565444482877865
4      5.999999999999901        7.590670146465265     8.565444482877865
2      5.999999999999901        7.590670146465265     8.565444482877865
6      6.0                      7.590670146465265     8.565444482877865
0      5.699951451749299        7.590670146465265     8.565444482877865
5      5.699951451749299        7.590670146465265     8.565444482877865
7      7.0                      7.590670146465265     8.565444482877865
7      7.0                      7.590670146465265     8.565444482877865
4      6.9999999999999005       7.590670146465265     8.565444482877865
7      7.0                      7.590670146465265     8.565444482877865
7      7.0                      7.590670146465265     8.565444482877865
7      7.0                      7.590670146465265     8.565444482877865
7      7.0                      7.590670146465265     8.565444482877865
8      8.0                      8.0                   8.565444482877865
7      7.0                      7.999999999999747     8.565444482877865
6      6.999999999999967        7.999999999999747     8.565444482877865
6      6.999999999999967        7.999999999999747     8.565444482877865
6      6.999999999999967        7.999999999999747     8.565444482877865
7      7.0                      7.999999999999747     8.565444482877865
7      7.0                      7.999999999999747     8.565444482877865
0      6.0309410802873265       7.999999999999747     8.565444482877865
6      6.0309410802873265       7.999999999999747     8.565444482877865
5      6.0309410802873265       7.999999999999747     8.565444482877865
7      7.0                      7.999999999999747     8.565444482877865
4      6.999999999999967        7.999999999999747     8.565444482877865
8      8.0                      8.0                   8.565444482877865
8      8.0                      8.0                   8.565444482877865
6      7.999999999999909        7.9999999999999       8.565444482877865
7      7.999999999999909        7.9999999999999       8.565444482877865
8      8.0                      8.0                   8.565444482877865
6      7.999999999999909        7.9999999999999       8.565444482877865
7      7.999999999999909        7.9999999999999       8.565444482877865
9      9.0                      9.0                   9.0  
5      5.944220257736139        6.310752412377963     8.275447660948423
4      5.944220257736139        6.310752412377963     8.275447660948423
6      6.0                      6.310752412377963     8.275447660948423
1      2.733064309283389        6.310752412377963     8.275447660948423
8      8.0                      8.0                   8.275447660948423
3      3.804457006987506        5.1089140139751335    8.275447660948423
2      3.804457006987506        5.1089140139751335    8.275447660948423
8      8.0                      8.0                   8.275447660948423
2      4.513755504537191        7.134768195661386     8.275447660948423
3      4.513755504537191        7.134768195661386     8.275447660948423
6      6.0                      7.134768195661386     8.275447660948423
7      7.0                      7.134768195661386     8.275447660948423
4      6.876793577910265        7.134768195661386     8.275447660948423
7      7.0                      7.134768195661386     8.275447660948423
8      8.0                      8.0                   8.275447660948423
4      5.420535378279001        7.184703641662955     8.275447660948423
1      5.420535378279001        7.184703641662955     8.275447660948423
5      5.420535378279001        7.184703641662955     8.275447660948423
5      5.420535378279001        7.184703641662955     8.275447660948423
5      5.420535378279001        7.184703641662955     8.275447660948423
7      7.0                      7.184703641662955     8.275447660948423
7      7.0                      7.184703641662955     8.275447660948423
5      6.614244748044321        7.184703641662955     8.275447660948423
5      6.614244748044321        7.184703641662955     8.275447660948423
8      8.0                      8.0                   8.275447660948423
7      7.0                      7.819299779063307     8.275447660948423
4      5.253074392424293        7.819299779063307     8.275447660948423
3      5.253074392424293        7.819299779063307     8.275447660948423
7      7.0                      7.819299779063307     8.275447660948423
5      6.9999999999999          7.819299779063307     8.275447660948423
7      7.0                      7.819299779063307     8.275447660948423
6      6.9999999999998          7.819299779063307     8.275447660948423
4      6.9999999999998          7.819299779063307     8.275447660948423
6      6.9999999999998          7.819299779063307     8.275447660948423
6      6.9999999999998          7.819299779063307     8.275447660948423
6      6.9999999999998          7.819299779063307     8.275447660948423
9      9.0                      9.0                   9.0  
9      9.0                      9.0                   9.0  
6      6.0                      7.320809813974996     8.409786149533938
1      4.8114171744562855       7.320809813974996     8.409786149533938
5      5.0                      7.320809813974996     8.409786149533938
7      7.0                      7.320809813974996     8.409786149533938
5      6.905708587228091        7.320809813974996     8.409786149533938
7      7.0                      7.320809813974996     8.409786149533938
5      6.905708587228091        7.320809813974996     8.409786149533938
9      9.0                      9.0                   9.0  
3      4.976315775891621        6.270175402377373     7.816541330099931
6      6.0                      6.270175402377373     7.816541330099931
0      1.9763157758916208       6.270175402377373     7.816541330099931
7      7.0                      7.0                   7.816541330099931
6      6.317543850594409        6.999999999999894     7.816541330099931
5      6.317543850594409        6.999999999999894     7.816541330099931
4      6.317543850594409        6.999999999999894     7.816541330099931
8      8.0                      8.0                   8.0  
0      3.0819548522923923       6.202631551783221     7.673684187242789
5      5.0                      6.202631551783221     7.673684187242789
4      4.999999999999978        6.202631551783221     7.673684187242789
4      4.999999999999978        6.202631551783221     7.673684187242789
7      7.0                      7.0                   7.673684187242789
3      5.82330825127389         6.999999999999948     7.673684187242789
7      7.0                      7.0                   7.673684187242789
9      9.0                      9.0                   9.0  
6      7.167084359753592        7.99999999999997      8.799354817065959
6      7.167084359753592        7.99999999999997      8.799354817065959
5      7.167084359753592        7.99999999999997      8.799354817065959
6      7.167084359753592        7.99999999999997      8.799354817065959
6      7.167084359753592        7.99999999999997      8.799354817065959
5      7.167084359753592        7.99999999999997      8.799354817065959
6      7.167084359753592        7.99999999999997      8.799354817065959
6      7.167084359753592        7.99999999999997      8.799354817065959
7      7.167084359753592        7.99999999999997      8.799354817065959
7      7.167084359753592        7.99999999999997      8.799354817065959
7      7.167084359753592        7.99999999999997      8.799354817065959
6      7.167084359753592        7.99999999999997      8.799354817065959
6      7.167084359753592        7.99999999999997      8.799354817065959
8      8.0                      8.0                   8.799354817065959
5      5.164720420728629        7.165232926813085     8.799354817065959
4      5.164720420728629        7.165232926813085     8.799354817065959
3      5.164720420728629        7.165232926813085     8.799354817065959
5      5.164720420728629        7.165232926813085     8.799354817065959
2      5.164720420728629        7.165232926813085     8.799354817065959
7      7.0                      7.165232926813085     8.799354817065959
9      9.0                      9.0                   9.0  
5      6.5687014031875135       7.999999999999975     8.13740280637505 
8      8.0                      8.0                   8.13740280637505 
6      6.523986295817774        7.158796970180005     8.13740280637505 
6      6.523986295817774        7.158796970180005     8.13740280637505 
5      6.523986295817774        7.158796970180005     8.13740280637505 
4      6.523986295817774        7.158796970180005     8.13740280637505 
7      7.0                      7.158796970180005     8.13740280637505 
2      4.616982606230333        7.158796970180005     8.13740280637505 
4      4.616982606230333        7.158796970180005     8.13740280637505 
6      6.0                      7.158796970180005     8.13740280637505 
5      5.116982606230333        7.158796970180005     8.13740280637505 
2      5.116982606230333        7.158796970180005     8.13740280637505 
7      7.0                      7.158796970180005     8.13740280637505 
6      6.9999999999999005       7.158796970180005     8.13740280637505 
7      7.0                      7.158796970180005     8.13740280637505 
6      6.0                      7.158796970180005     8.13740280637505 
6      6.0                      7.158796970180005     8.13740280637505 
0      5.606635041631134        7.158796970180005     8.13740280637505 
5      5.606635041631134        7.158796970180005     8.13740280637505 
4      5.606635041631134        7.158796970180005     8.13740280637505 
8      8.0                      8.0                   8.13740280637505 
8      8.0                      8.0                   8.13740280637505 
6      6.0                      6.196262507035485     8.13740280637505 
5      5.0                      6.196262507035485     8.13740280637505 
2      3.79890399059802         6.196262507035485     8.13740280637505 
1      3.79890399059802         6.196262507035485     8.13740280637505 
2      3.79890399059802         6.196262507035485     8.13740280637505 
7      7.0                      7.0                   8.13740280637505 
5      6.356878297047134        6.999999999999963     8.13740280637505 
6      6.356878297047134        6.999999999999963     8.13740280637505 
4      6.356878297047134        6.999999999999963     8.13740280637505 
9      9.0                      9.0                   9.0  
7      7.0                      7.167597974374674     8.730529333955495
2      4.667597974374623        7.167597974374674     8.730529333955495
8      8.0                      8.0                   8.730529333955495
3      5.938115551003794        7.719057775501913     8.730529333955495
5      5.938115551003794        7.719057775501913     8.730529333955495
2      5.938115551003794        7.719057775501913     8.730529333955495
6      6.0                      7.719057775501913     8.730529333955495
5      5.999999999999986        7.719057775501913     8.730529333955495
7      7.0                      7.719057775501913     8.730529333955495
4      6.999999999999743        7.719057775501913     8.730529333955495
6      6.999999999999743        7.719057775501913     8.730529333955495
6      6.999999999999743        7.719057775501913     8.730529333955495
7      7.0                      7.719057775501913     8.730529333955495
7      7.0                      7.719057775501913     8.730529333955495
7      7.0                      7.719057775501913     8.730529333955495
8      8.0                      8.0                   8.730529333955495
4      5.657721598361406        7.315443196722781     8.730529333955495
9      9.0                      9.0                   9.0  
7      8.569778807997341        8.999999999999973     8.999999999999979
9      9.0                      9.0                   9.0  
0      3.7985376781021403       7.786369695766647     8.999999999999979
7      7.0                      7.786369695766647     8.999999999999979
8      8.0                      8.0                   8.999999999999979
8      8.0                      8.0                   8.999999999999979
8      8.0                      8.0                   8.999999999999979
8      8.0                      8.0                   8.999999999999979
0      4.178391445912403        8.000000000000329     8.999999999999979
6      6.0                      8.000000000000329     8.999999999999979
8      8.0                      8.000000000000329     8.999999999999979
3      7.08919572295613         8.000000000000329     8.999999999999979
7      7.08919572295613         8.000000000000329     8.999999999999979
9      9.0                      9.0                   9.0  
7      7.012822842250666        7.999999999999937     8.82255252715066 
6      7.012822842250666        7.999999999999937     8.82255252715066 
6      7.012822842250666        7.999999999999937     8.82255252715066 
6      7.012822842250666        7.999999999999937     8.82255252715066 
4      7.012822842250666        7.999999999999937     8.82255252715066 
6      7.012822842250666        7.999999999999937     8.82255252715066 
6      7.012822842250666        7.999999999999937     8.82255252715066 
6      7.012822842250666        7.999999999999937     8.82255252715066 
8      8.0                      8.0                   8.82255252715066 
5      6.198291317842884        7.475578750318965     8.82255252715066 
6      6.198291317842884        7.475578750318965     8.82255252715066 
2      6.198291317842884        7.475578750318965     8.82255252715066 
6      6.198291317842884        7.475578750318965     8.82255252715066 
6      6.198291317842884        7.475578750318965     8.82255252715066 
8      8.0                      8.0                   8.82255252715066 
7      7.9999999999999725       7.999999999999942     8.82255252715066 
8      8.0                      8.0                   8.82255252715066 
6      6.614275712292632        7.999999999999942     8.82255252715066 
6      6.614275712292632        7.999999999999942     8.82255252715066 
6      6.614275712292632        7.999999999999942     8.82255252715066 
4      6.614275712292632        7.999999999999942     8.82255252715066 
5      6.614275712292632        7.999999999999942     8.82255252715066 
1      6.614275712292632        7.999999999999942     8.82255252715066 
6      6.614275712292632        7.999999999999942     8.82255252715066 
7      7.0                      7.999999999999942     8.82255252715066 
7      7.0                      7.999999999999942     8.82255252715066 
7      7.0                      7.999999999999942     8.82255252715066 
8      8.0                      8.0                   8.82255252715066 
0      4.994954490932045        7.088736421135791     8.82255252715066 
6      6.0                      7.088736421135791     8.82255252715066 
6      6.0                      7.088736421135791     8.82255252715066 
4      5.99999999999995         7.088736421135791     8.82255252715066 
5      5.99999999999995         7.088736421135791     8.82255252715066 
6      6.0                      7.088736421135791     8.82255252715066 
7      7.0                      7.088736421135791     8.82255252715066 
1      4.304975495117514        7.088736421135791     8.82255252715066 
5      5.0                      7.088736421135791     8.82255252715066 
4      4.99999999999995         7.088736421135791     8.82255252715066 
10     10.0                     10.0                  10.0  
6      6.999999999999987        7.999999999999973     8.53840417427696 
7      7.0                      7.999999999999973     8.53840417427696 
7      7.0                      7.999999999999973     8.53840417427696 
7      7.0                      7.999999999999973     8.53840417427696 
3      6.988647627876019        7.999999999999973     8.53840417427696 
4      6.988647627876019        7.999999999999973     8.53840417427696 
6      6.988647627876019        7.999999999999973     8.53840417427696 
6      6.988647627876019        7.999999999999973     8.53840417427696 
6      6.988647627876019        7.999999999999973     8.53840417427696 
7      7.0                      7.999999999999973     8.53840417427696 
8      8.0                      8.0                   8.53840417427696 
2      3.6935963787137305       6.572541218078717     8.53840417427696 
6      6.0                      6.572541218078717     8.53840417427696 
1      5.040394568070446        6.572541218078717     8.53840417427696 
4      5.040394568070446        6.572541218078717     8.53840417427696 
6      6.0                      6.572541218078717     8.53840417427696 
6      6.0                      6.572541218078717     8.53840417427696 
9      9.0                      9.0                   9.0  
3      4.550662186646162        7.2297117443570516    8.28385397866338 
7      7.0                      7.2297117443570516    8.28385397866338 
3      5.4095306368255685       7.2297117443570516    8.28385397866338 
4      5.4095306368255685       7.2297117443570516    8.28385397866338 
4      5.4095306368255685       7.2297117443570516    8.28385397866338 
6      6.0                      7.2297117443570516    8.28385397866338 
6      6.0                      7.2297117443570516    8.28385397866338 
4      5.999999999999929        7.2297117443570516    8.28385397866338 
7      7.0                      7.2297117443570516    8.28385397866338 
7      7.0                      7.2297117443570516    8.28385397866338 
7      7.0                      7.2297117443570516    8.28385397866338 
2      3.7002161446239805       7.2297117443570516    8.28385397866338 
7      7.0                      7.2297117443570516    8.28385397866338 
5      6.735637314303645        7.2297117443570516    8.28385397866338 
7      7.0                      7.2297117443570516    8.28385397866338 
6      6.581312712676085        7.2297117443570516    8.28385397866338 
3      6.581312712676085        7.2297117443570516    8.28385397866338 
6      6.581312712676085        7.2297117443570516    8.28385397866338 
6      6.581312712676085        7.2297117443570516    8.28385397866338 
7      7.0                      7.2297117443570516    8.28385397866338 
5      6.941497705985892        7.2297117443570516    8.28385397866338 
7      7.0                      7.2297117443570516    8.28385397866338 
7      7.0                      7.2297117443570516    8.28385397866338 
2      5.686534334580357        7.2297117443570516    8.28385397866338 
3      5.686534334580357        7.2297117443570516    8.28385397866338 
6      6.0                      7.2297117443570516    8.28385397866338 
5      5.999999999999987        7.2297117443570516    8.28385397866338 
6      6.0                      7.2297117443570516    8.28385397866338 
7      7.0                      7.2297117443570516    8.28385397866338 
4      5.999999999999926        7.2297117443570516    8.28385397866338 
6      6.0                      7.2297117443570516    8.28385397866338 
5      5.957238018479748        7.2297117443570516    8.28385397866338 
3      5.957238018479748        7.2297117443570516    8.28385397866338 
6      6.0                      7.2297117443570516    8.28385397866338 
4      5.826755483914426        7.2297117443570516    8.28385397866338 
5      5.826755483914426        7.2297117443570516    8.28385397866338 
3      5.826755483914426        7.2297117443570516    8.28385397866338 
8      8.0                      8.0                   8.28385397866338 
7      7.0                      7.282050913991469     8.28385397866338 
5      6.208962697660196        7.282050913991469     8.28385397866338 
5      6.208962697660196        7.282050913991469     8.28385397866338 
4      6.208962697660196        7.282050913991469     8.28385397866338 
6      6.208962697660196        7.282050913991469     8.28385397866338 
7      7.0                      7.282050913991469     8.28385397866338 
6      6.0                      7.282050913991469     8.28385397866338 
2      4.019486544397797        7.282050913991469     8.28385397866338 
0      4.019486544397797        7.282050913991469     8.28385397866338 
5      5.0                      7.282050913991469     8.28385397866338 
6      6.0                      7.282050913991469     8.28385397866338 
7      7.0                      7.282050913991469     8.28385397866338 
6      6.0                      7.282050913991469     8.28385397866338 
3      5.608294972173983        7.282050913991469     8.28385397866338 
2      5.608294972173983        7.282050913991469     8.28385397866338 
6      6.0                      7.282050913991469     8.28385397866338 
6      6.0                      7.282050913991469     8.28385397866338 
7      7.0                      7.282050913991469     8.28385397866338 
6      6.9999999999999165       7.282050913991469     8.28385397866338 
5      6.9999999999999165       7.282050913991469     8.28385397866338 
7      7.0                      7.282050913991469     8.28385397866338 
6      6.9999999999999165       7.282050913991469     8.28385397866338 
7      7.0                      7.282050913991469     8.28385397866338 
5      6.9999999999999165       7.282050913991469     8.28385397866338 
5      6.9999999999999165       7.282050913991469     8.28385397866338 
6      6.9999999999999165       7.282050913991469     8.28385397866338 
7      7.0                      7.282050913991469     8.28385397866338 
0      3.9983244290908835       7.282050913991469     8.28385397866338 
7      7.0                      7.282050913991469     8.28385397866338 
10     10.0                     10.0                  10.0  
5      5.9999999999999485       6.517574128457729     7.651361192686605
6      6.0                      6.517574128457729     7.651361192686605
0      3.5351482569151687       6.517574128457729     7.651361192686605
6      6.0                      6.517574128457729     7.651361192686605
9      9.0                      9.0                   9.0  
7      7.999999999999951        7.999999999999971     8.53578440381456 
8      8.0                      8.0                   8.53578440381456 
6      6.0                      6.999999999999986     8.53578440381456 
6      6.0                      6.999999999999986     8.53578440381456 
2      5.1757283214343275       6.999999999999986     8.53578440381456 
2      5.1757283214343275       6.999999999999986     8.53578440381456 
7      7.0                      7.0                   8.53578440381456 
7      7.0                      7.0                   8.53578440381456 
1      3.1171522142895363       6.514140791237175     8.53578440381456 
8      8.0                      8.0                   8.53578440381456 
7      7.0                      7.9687406493814965    8.53578440381456 
7      7.0                      7.9687406493814965    8.53578440381456 
6      6.403437720638579        7.9687406493814965    8.53578440381456 
6      6.403437720638579        7.9687406493814965    8.53578440381456 
1      6.403437720638579        7.9687406493814965    8.53578440381456 
9      9.0                      9.0                   9.0  
2      4.618842715768934        7.118842715768647     8.767611258922484
7      7.0                      7.118842715768647     8.767611258922484
8      8.0                      8.0                   8.767611258922484
7      7.0                      7.7910385638693205    8.767611258922484
6      6.691227737959825        7.7910385638693205    8.767611258922484
6      6.691227737959825        7.7910385638693205    8.767611258922484
6      6.691227737959825        7.7910385638693205    8.767611258922484
6      6.691227737959825        7.7910385638693205    8.767611258922484
5      6.691227737959825        7.7910385638693205    8.767611258922484
6      6.691227737959825        7.7910385638693205    8.767611258922484
3      6.691227737959825        7.7910385638693205    8.767611258922484
7      7.0                      7.7910385638693205    8.767611258922484
6      6.999999999999968        7.7910385638693205    8.767611258922484
5      6.999999999999968        7.7910385638693205    8.767611258922484
7      7.0                      7.7910385638693205    8.767611258922484
3      5.303156499431568        7.7910385638693205    8.767611258922484
9      9.0                      9.0                   9.0  
8      8.0                      8.0                   8.15801621607403 
2      4.079008108037017        6.052825945718671     8.15801621607403 
3      4.079008108037017        6.052825945718671     8.15801621607403 
7      7.0                      7.0                   8.15801621607403 
4      5.894809729644424        6.999999999999977     8.15801621607403 
8      8.0                      8.0                   8.15801621607403 
7      7.0                      7.157985441335287     8.15801621607403 
6      6.842176126043196        7.157985441335287     8.15801621607403 
4      6.842176126043196        7.157985441335287     8.15801621607403 
7      7.0                      7.157985441335287     8.15801621607403 
7      7.0                      7.157985441335287     8.15801621607403 
2      4.431672486376957        7.157985441335287     8.15801621607403 
7      7.0                      7.157985441335287     8.15801621607403 
2      3.83695123410657         7.157985441335287     8.15801621607403 
0      3.83695123410657         7.157985441335287     8.15801621607403 
6      6.0                      7.157985441335287     8.15801621607403 
9      9.0                      9.0                   9.0  
3      5.600719236766945        7.100719236766875     8.331389399909723
6      6.0                      7.100719236766875     8.331389399909723
8      8.0                      8.0                   8.331389399909723
4      6.3577284250767505       7.281726466405119     8.331389399909723
6      6.3577284250767505       7.281726466405119     8.331389399909723
7      7.0                      7.281726466405119     8.331389399909723
7      7.0                      7.281726466405119     8.331389399909723
4      5.655552724771091        7.281726466405119     8.331389399909723
7      7.0                      7.281726466405119     8.331389399909723
4      5.964779526811637        7.281726466405119     8.331389399909723
6      6.0                      7.281726466405119     8.331389399909723
4      5.964779526811637        7.281726466405119     8.331389399909723
7      7.0                      7.281726466405119     8.331389399909723
6      6.931482226677059        7.281726466405119     8.331389399909723
5      6.931482226677059        7.281726466405119     8.331389399909723
7      7.0                      7.281726466405119     8.331389399909723
4      5.610417505011707        7.281726466405119     8.331389399909723
4      5.610417505011707        7.281726466405119     8.331389399909723
6      6.0                      7.281726466405119     8.331389399909723
5      5.110417505011707        7.281726466405119     8.331389399909723
2      5.110417505011707        7.281726466405119     8.331389399909723
7      7.0                      7.281726466405119     8.331389399909723
0      1.811719693138165        7.281726466405119     8.331389399909723
7      7.0                      7.281726466405119     8.331389399909723
2      5.357558318634932        7.281726466405119     8.331389399909723
4      5.357558318634932        7.281726466405119     8.331389399909723
6      6.0                      7.281726466405119     8.331389399909723
7      7.0                      7.281726466405119     8.331389399909723
7      7.0                      7.281726466405119     8.331389399909723
4      6.7330860259011915       7.281726466405119     8.331389399909723
6      6.7330860259011915       7.281726466405119     8.331389399909723
6      6.7330860259011915       7.281726466405119     8.331389399909723
6      6.7330860259011915       7.281726466405119     8.331389399909723
3      6.7330860259011915       7.281726466405119     8.331389399909723
5      6.7330860259011915       7.281726466405119     8.331389399909723
7      7.0                      7.281726466405119     8.331389399909723
7      7.0                      7.281726466405119     8.331389399909723
2      4.399657574324763        7.281726466405119     8.331389399909723
9      9.0                      9.0                   9.0  
6      7.163688281139278        7.999999999999973     8.827541466044162
7      7.163688281139278        7.999999999999973     8.827541466044162
5      7.163688281139278        7.999999999999973     8.827541466044162
6      7.163688281139278        7.999999999999973     8.827541466044162
6      7.163688281139278        7.999999999999973     8.827541466044162
8      8.0                      8.0                   8.827541466044162
4      6.643584627153977        7.6880550778538606    8.827541466044162
6      6.643584627153977        7.6880550778538606    8.827541466044162
6      6.643584627153977        7.6880550778538606    8.827541466044162
7      7.0                      7.6880550778538606    8.827541466044162
4      6.379226164438577        7.6880550778538606    8.827541466044162
5      6.379226164438577        7.6880550778538606    8.827541466044162
6      6.379226164438577        7.6880550778538606    8.827541466044162
4      6.379226164438577        7.6880550778538606    8.827541466044162
6      6.379226164438577        7.6880550778538606    8.827541466044162
6      6.379226164438577        7.6880550778538606    8.827541466044162
5      6.379226164438577        7.6880550778538606    8.827541466044162
5      6.379226164438577        7.6880550778538606    8.827541466044162
5      6.379226164438577        7.6880550778538606    8.827541466044162
6      6.379226164438577        7.6880550778538606    8.827541466044162
8      8.0                      8.0                   8.827541466044162
6      7.7891707322516535       7.999999999999982     8.827541466044162
8      8.0                      8.0                   8.827541466044162
5      6.999999999999985        7.459315884936566     8.827541466044162
7      7.0                      7.459315884936566     8.827541466044162
0      2.1747317085872324       7.459315884936566     8.827541466044162
9      9.0                      9.0                   9.0  
4      7.448408780996286        7.999999999999987     8.406283065112989
7      7.448408780996286        7.999999999999987     8.406283065112989
7      7.448408780996286        7.999999999999987     8.406283065112989
7      7.448408780996286        7.999999999999987     8.406283065112989
8      8.0                      8.0                   8.406283065112989
3      5.578032930104608        6.861312275742008     8.406283065112989
5      5.578032930104608        6.861312275742008     8.406283065112989
6      6.0                      6.861312275742008     8.406283065112989
0      2.603754334672753        6.861312275742008     8.406283065112989
6      6.0                      6.861312275742008     8.406283065112989
6      6.0                      6.861312275742008     8.406283065112989
5      5.669795278893959        6.861312275742008     8.406283065112989
2      5.669795278893959        6.861312275742008     8.406283065112989
8      8.0                      8.0                   8.406283065112989
8      8.0                      8.0                   8.406283065112989
6      6.0                      6.86302909516535      8.406283065112989
1      4.173373434530508        6.86302909516535      8.406283065112989
2      4.173373434530508        6.86302909516535      8.406283065112989
8      8.0                      8.0                   8.406283065112989
10     10.0                     10.0                  10.0  
3      4.20968780634289         5.56453170951425      6.721797564271372
2      4.20968780634289         5.56453170951425      6.721797564271372
3      4.20968780634289         5.56453170951425      6.721797564271372
5      5.0                      5.56453170951425      6.721797564271372
8      8.0                      8.0                   8.0  
7      7.0                      7.0                   7.0  
4      4.0                      4.412074209682972     5.868111314524453
1      2.608049473121978        4.412074209682972     5.868111314524453
1      2.608049473121978        4.412074209682972     5.868111314524453
0      2.608049473121978        4.412074209682972     5.868111314524453
8      8.0                      8.0                   8.0  
4      6.199325328781252        6.999999999999911     7.866663148233471
6      6.199325328781252        6.999999999999911     7.866663148233471
3      6.199325328781252        6.999999999999911     7.866663148233471
5      6.199325328781252        6.999999999999911     7.866663148233471
6      6.199325328781252        6.999999999999911     7.866663148233471
6      6.199325328781252        6.999999999999911     7.866663148233471
7      7.0                      7.0                   7.866663148233471
1      3.993937634722905        6.338882438427969     7.866663148233471
3      3.993937634722905        6.338882438427969     7.866663148233471
3      3.993937634722905        6.338882438427969     7.866663148233471
6      6.0                      6.338882438427969     7.866663148233471
9      9.0                      9.0                   9.0  
8      8.0                      8.0                   8.0  
6      6.0                      6.693853562131121     7.999999999999982
2      4.693853562131181        6.693853562131121     7.999999999999982
8      8.0                      8.0                   8.0  
1      4.096653932564574        6.702411556924534     7.953564949487447
3      4.096653932564574        6.702411556924534     7.953564949487447
4      4.096653932564574        6.702411556924534     7.953564949487447
6      6.0                      6.702411556924534     7.953564949487447
2      3.991767977500759        6.702411556924534     7.953564949487447
6      6.0                      6.702411556924534     7.953564949487447
2      5.243825983125566        6.702411556924534     7.953564949487447
5      5.243825983125566        6.702411556924534     7.953564949487447
4      5.243825983125566        6.702411556924534     7.953564949487447
4      5.243825983125566        6.702411556924534     7.953564949487447
7      7.0                      7.0                   7.953564949487447
7      7.0                      7.0                   7.953564949487447
5      6.18875601923173         6.9999999999999885    7.953564949487447
4      6.18875601923173         6.9999999999999885    7.953564949487447
3      6.18875601923173         6.9999999999999885    7.953564949487447
6      6.18875601923173         6.9999999999999885    7.953564949487447
7      7.0                      7.0                   7.953564949487447
6      6.999999999999981        6.9999999999999885    7.953564949487447
6      6.999999999999981        6.9999999999999885    7.953564949487447
9      9.0                      9.0                   9.0  
1      3.9667558974411063       6.247721025646879     8.14319489577893 
3      3.9667558974411063       6.247721025646879     8.14319489577893 
5      5.0                      6.247721025646879     8.14319489577893 
6      6.0                      6.247721025646879     8.14319489577893 
5      5.0762733333379595       6.247721025646879     8.14319489577893 
4      5.0762733333379595       6.247721025646879     8.14319489577893 
5      5.0762733333379595       6.247721025646879     8.14319489577893 
0      5.0762733333379595       6.247721025646879     8.14319489577893 
6      6.0                      6.247721025646879     8.14319489577893 
5      5.999999999999949        6.247721025646879     8.14319489577893 
7      7.0                      7.0                   8.14319489577893 
1      2.605515018319159        4.2110300366384035    8.14319489577893 
8      8.0                      8.0                   8.14319489577893 
7      7.0                      7.5091938629068355    8.14319489577893 
7      7.0                      7.5091938629068355    8.14319489577893 
5      5.0                      7.5091938629068355    8.14319489577893 
1      4.181595594635876        7.5091938629068355    8.14319489577893 
7      7.0                      7.5091938629068355    8.14319489577893 
5      6.511257907452036        7.5091938629068355    8.14319489577893 
6      6.511257907452036        7.5091938629068355    8.14319489577893 
3      6.511257907452036        7.5091938629068355    8.14319489577893 
6      6.511257907452036        7.5091938629068355    8.14319489577893 
7      7.0                      7.5091938629068355    8.14319489577893 
2      6.022515814903881        7.5091938629068355    8.14319489577893 
6      6.022515814903881        7.5091938629068355    8.14319489577893 
7      7.0                      7.5091938629068355    8.14319489577893 
5      6.999999999999985        7.5091938629068355    8.14319489577893 
8      8.0                      8.0                   8.14319489577893 
4      6.8963490930476254       7.999999999999978     8.14319489577893 
6      6.8963490930476254       7.999999999999978     8.14319489577893 
7      7.0                      7.999999999999978     8.14319489577893 
6      6.999999999999967        7.999999999999978     8.14319489577893 
6      6.999999999999967        7.999999999999978     8.14319489577893 
9      9.0                      9.0                   9.0  
5      7.270840100618481        8.541680201237167     8.999999999999968
7      7.270840100618481        8.541680201237167     8.999999999999968
9      9.0                      9.0                   9.0  
5      6.641364259824888        6.999999999999971     7.869985408646998
7      7.0                      7.0                   7.869985408646998
3      4.805500685807399        6.66387995167312      7.869985408646998
6      6.0                      6.66387995167312      7.869985408646998
4      5.070944977850197        6.66387995167312      7.869985408646998
2      5.070944977850197        6.66387995167312      7.869985408646998
5      5.070944977850197        6.66387995167312      7.869985408646998
9      9.0                      9.0                   9.0  
7      7.782874571268342        8.999999999999893     8.999999999999968
6      7.782874571268342        8.999999999999893     8.999999999999968
9      9.0                      9.0                   9.0  
4      5.560798089786114        6.7898434821907925    7.999999999999916
5      5.560798089786114        6.7898434821907925    7.999999999999916
4      5.560798089786114        6.7898434821907925    7.999999999999916
8      8.0                      8.0                   8.0  
3      4.750389793002767        6.0020224034205985    7.832204384502434
6      6.0                      6.0020224034205985    7.832204384502434
5      5.0                      6.0020224034205985    7.832204384502434
2      4.625584689504232        6.0020224034205985    7.832204384502434
5      5.0                      6.0020224034205985    7.832204384502434
1      3.6255846895042323       6.0020224034205985    7.832204384502434
8      8.0                      8.0                   8.0  
4      5.094736271508251        7.10646721857445      7.9999999999999  
4      5.094736271508251        7.10646721857445      7.9999999999999  
2      5.094736271508251        7.10646721857445      7.9999999999999  
5      5.094736271508251        7.10646721857445      7.9999999999999  
7      7.0                      7.10646721857445      7.9999999999999  
6      6.994151412786946        7.10646721857445      7.9999999999999  
5      6.994151412786946        7.10646721857445      7.9999999999999  
8      8.0                      8.0                   8.0  
4      5.312903714181557        6.902513558536988     7.9999999999999  
3      5.312903714181557        6.902513558536988     7.9999999999999  
6      6.0                      6.902513558536988     7.9999999999999  
5      5.312903714181557        6.902513558536988     7.9999999999999  
2      5.312903714181557        6.902513558536988     7.9999999999999  
7      7.0                      7.0                   7.9999999999999  
9      9.0                      9.0                   9.0  
5      6.635901149176204        7.6826059251277075    8.748877135988836
7      7.0                      7.6826059251277075    8.748877135988836
5      6.066270983184084        7.6826059251277075    8.748877135988836
6      6.066270983184084        7.6826059251277075    8.748877135988836
3      6.066270983184084        7.6826059251277075    8.748877135988836
7      7.0                      7.6826059251277075    8.748877135988836
7      7.0                      7.6826059251277075    8.748877135988836
4      6.129889361207595        7.6826059251277075    8.748877135988836
4      6.129889361207595        7.6826059251277075    8.748877135988836
6      6.129889361207595        7.6826059251277075    8.748877135988836
7      7.0                      7.6826059251277075    8.748877135988836
6      6.772347372537585        7.6826059251277075    8.748877135988836
5      6.772347372537585        7.6826059251277075    8.748877135988836
6      6.772347372537585        7.6826059251277075    8.748877135988836
6      6.772347372537585        7.6826059251277075    8.748877135988836
5      6.772347372537585        7.6826059251277075    8.748877135988836
5      6.772347372537585        7.6826059251277075    8.748877135988836
5      6.772347372537585        7.6826059251277075    8.748877135988836
8      8.0                      8.0                   8.748877135988836
5      5.591687604603919        7.185424863700049     8.748877135988836
3      5.591687604603919        7.185424863700049     8.748877135988836
4      5.591687604603919        7.185424863700049     8.748877135988836
8      8.0                      8.0                   8.748877135988836
9      9.0                      9.0                   9.0  
4      5.686126485182229        6.535330443100524     8.109072183520007
6      6.0                      6.535330443100524     8.109072183520007
5      5.236492755800295        6.535330443100524     8.109072183520007
1      5.236492755800295        6.535330443100524     8.109072183520007
5      5.236492755800295        6.535330443100524     8.109072183520007
4      5.236492755800295        6.535330443100524     8.109072183520007
5      5.236492755800295        6.535330443100524     8.109072183520007
8      8.0                      8.0                   8.109072183520007
5      7.327424780339938        7.999999999999988     8.109072183520007
7      7.327424780339938        7.999999999999988     8.109072183520007
8      8.0                      8.0                   8.109072183520007
2      6.091222176000567        7.934136762273126     8.109072183520007
5      6.091222176000567        7.934136762273126     8.109072183520007
7      7.0                      7.934136762273126     8.109072183520007
6      6.999999999999978        7.934136762273126     8.109072183520007
6      6.999999999999978        7.934136762273126     8.109072183520007
7      7.0                      7.934136762273126     8.109072183520007
8      8.0                      8.0                   8.109072183520007
8      8.0                      8.0                   8.109072183520007
3      4.999999999999988        6.22651559612284      8.109072183520007
5      5.0                      6.22651559612284      8.109072183520007
5      5.0                      6.22651559612284      8.109072183520007
0      3.7127798603089857       6.22651559612284      8.109072183520007
1      3.7127798603089857       6.22651559612284      8.109072183520007
7      7.0                      7.0                   8.109072183520007
7      7.0                      7.0                   8.109072183520007
8      8.0                      8.0                   8.109072183520007
4      4.999999999999968        6.382114356500231     8.109072183520007
2      4.999999999999968        6.382114356500231     8.109072183520007
5      5.0                      6.382114356500231     8.109072183520007
1      4.680874761889941        6.382114356500231     8.109072183520007
3      4.680874761889941        6.382114356500231     8.109072183520007
5      5.0                      6.382114356500231     8.109072183520007
3      4.999999999999968        6.382114356500231     8.109072183520007
4      4.999999999999968        6.382114356500231     8.109072183520007
3      4.999999999999968        6.382114356500231     8.109072183520007
5      5.0                      6.382114356500231     8.109072183520007
6      6.0                      6.382114356500231     8.109072183520007
7      7.0                      7.0                   8.109072183520007
8      8.0                      8.0                   8.109072183520007
7      7.0                      7.132719557815738     8.109072183520007
6      6.0                      7.132719557815738     8.109072183520007
3      4.887640858328304        7.132719557815738     8.109072183520007
2      4.887640858328304        7.132719557815738     8.109072183520007
7      7.0                      7.132719557815738     8.109072183520007
3      6.418639975442311        7.132719557815738     8.109072183520007
6      6.418639975442311        7.132719557815738     8.109072183520007
7      7.0                      7.132719557815738     8.109072183520007
1      3.3023679705307933       7.132719557815738     8.109072183520007
10     10.0                     10.0                  10.0  
5      6.346044254361319        7.778670806978137     8.999999999999973
5      6.346044254361319        7.778670806978137     8.999999999999973
7      7.0                      7.778670806978137     8.999999999999973
5      6.784518943837956        7.778670806978137     8.999999999999973
6      6.784518943837956        7.778670806978137     8.999999999999973
6      6.784518943837956        7.778670806978137     8.999999999999973
6      6.784518943837956        7.778670806978137     8.999999999999973
5      6.784518943837956        7.778670806978137     8.999999999999973
9      9.0                      9.0                   9.0  
4      5.7601103975021415       7.096813863336189     8.503272402260375
6      6.0                      7.096813863336189     8.503272402260375
4      5.966758664585115        7.096813863336189     8.503272402260375
5      5.966758664585115        7.096813863336189     8.503272402260375
8      8.0                      8.0                   8.503272402260375
7      7.324237016566605        7.999999999999968     8.503272402260375
4      7.324237016566605        7.999999999999968     8.503272402260375
7      7.324237016566605        7.999999999999968     8.503272402260375
8      8.0                      8.0                   8.503272402260375
8      8.0                      8.0                   8.503272402260375
6      6.0                      7.353234630544919     8.503272402260375
3      5.434741364609989        7.353234630544919     8.503272402260375
5      5.434741364609989        7.353234630544919     8.503272402260375
3      5.434741364609989        7.353234630544919     8.503272402260375
7      7.0                      7.353234630544919     8.503272402260375
1      6.0027271364303205       7.353234630544919     8.503272402260375
6      6.0027271364303205       7.353234630544919     8.503272402260375
5      6.0027271364303205       7.353234630544919     8.503272402260375
4      6.0027271364303205       7.353234630544919     8.503272402260375
6      6.0027271364303205       7.353234630544919     8.503272402260375
4      6.0027271364303205       7.353234630544919     8.503272402260375
6      6.0027271364303205       7.353234630544919     8.503272402260375
7      7.0                      7.353234630544919     8.503272402260375
9      9.0                      9.0                   9.0  
7      7.0                      7.999999999999894     8.438635741652933
7      7.0                      7.999999999999894     8.438635741652933
3      6.925659532679977        7.999999999999894     8.438635741652933
7      7.0                      7.999999999999894     8.438635741652933
5      6.999999999999974        7.999999999999894     8.438635741652933
5      6.999999999999974        7.999999999999894     8.438635741652933
7      7.0                      7.999999999999894     8.438635741652933
8      8.0                      8.0                   8.438635741652933
7      7.0                      7.029514875615999     8.438635741652933
4      5.999999999999913        7.029514875615999     8.438635741652933
6      6.0                      7.029514875615999     8.438635741652933
0      4.269334557230328        7.029514875615999     8.438635741652933
4      4.269334557230328        7.029514875615999     8.438635741652933
6      6.0                      7.029514875615999     8.438635741652933
7      7.0                      7.029514875615999     8.438635741652933
3      6.502572953070537        7.029514875615999     8.438635741652933
6      6.502572953070537        7.029514875615999     8.438635741652933
6      6.502572953070537        7.029514875615999     8.438635741652933
7      7.0                      7.029514875615999     8.438635741652933
4      4.609899592575582        7.029514875615999     8.438635741652933
2      4.609899592575582        7.029514875615999     8.438635741652933
9      9.0                      9.0                   9.0  
0      1.5819263819525369       3.163852763905084     7.370545977011293
8      8.0                      8.0                   8.0  
6      6.0                      6.375400567185848     7.999999999999485
4      5.9999999999999805       6.375400567185848     7.999999999999485
6      6.0                      6.375400567185848     7.999999999999485
4      4.0                      6.375400567185848     7.999999999999485
0      3.9385014179646753       6.375400567185848     7.999999999999485
8      8.0                      8.0                   8.0  
4      5.394648060279577        7.231436896447308     7.999999999999899
4      5.394648060279577        7.231436896447308     7.999999999999899
7      7.0                      7.231436896447308     7.999999999999899
5      5.9527583961245485       7.231436896447308     7.999999999999899
4      5.9527583961245485       7.231436896447308     7.999999999999899
7      7.0                      7.231436896447308     7.999999999999899
5      5.99999999999998         7.231436896447308     7.999999999999899
6      6.0                      7.231436896447308     7.999999999999899
3      5.760240952636981        7.231436896447308     7.999999999999899
5      5.760240952636981        7.231436896447308     7.999999999999899
3      5.760240952636981        7.231436896447308     7.999999999999899
3      5.760240952636981        7.231436896447308     7.999999999999899
6      6.0                      7.231436896447308     7.999999999999899
7      7.0                      7.231436896447308     7.999999999999899
6      6.999999999999918        7.231436896447308     7.999999999999899
10     10.0                     10.0                  10.0  
6      6.928740373312007        7.285984597299223     8.615880697633543
5      6.928740373312007        7.285984597299223     8.615880697633543
7      7.0                      7.285984597299223     8.615880697633543
2      3.714488447974413        7.285984597299223     8.615880697633543
8      8.0                      8.0                   8.615880697633543
5      7.400511984824938        7.9999999999999805    8.615880697633543
7      7.400511984824938        7.9999999999999805    8.615880697633543
7      7.400511984824938        7.9999999999999805    8.615880697633543
6      7.400511984824938        7.9999999999999805    8.615880697633543
8      8.0                      8.0                   8.615880697633543
7      7.53286720008105         7.9999999999999805    8.615880697633543
7      7.53286720008105         7.9999999999999805    8.615880697633543
6      7.53286720008105         7.9999999999999805    8.615880697633543
5      7.53286720008105         7.9999999999999805    8.615880697633543
7      7.53286720008105         7.9999999999999805    8.615880697633543
8      8.0                      8.0                   8.615880697633543
6      7.556702131579997        7.9999999999999805    8.615880697633543
8      8.0                      8.0                   8.615880697633543
7      7.0                      7.0                   8.615880697633543
3      4.925660753675301        6.999999999999964     8.615880697633543
7      7.0                      7.0                   8.615880697633543
7      7.0                      7.0                   8.615880697633543
3      5.999999999999977        6.999999999999964     8.615880697633543
6      6.0                      6.999999999999964     8.615880697633543
6      6.0                      6.999999999999964     8.615880697633543
6      6.0                      6.999999999999964     8.615880697633543
0      4.453020324409735        6.999999999999964     8.615880697633543
7      7.0                      7.0                   8.615880697633543
2      3.3714155577669866       6.5557347106908415    8.615880697633543
0      3.3714155577669866       6.5557347106908415    8.615880697633543
6      6.0                      6.5557347106908415    8.615880697633543
8      8.0                      8.0                   8.615880697633543
5      6.585067695202123        7.999999999999974     8.615880697633543
8      8.0                      8.0                   8.615880697633543
5      5.57927898027113         6.959071770886087     8.615880697633543
4      5.57927898027113         6.959071770886087     8.615880697633543
4      5.57927898027113         6.959071770886087     8.615880697633543
8      8.0                      8.0                   8.615880697633543
6      6.999999999999913        7.767465377766013     8.615880697633543
7      7.0                      7.767465377766013     8.615880697633543
6      6.0                      7.767465377766013     8.615880697633543
5      5.948377908415901        7.767465377766013     8.615880697633543
3      5.948377908415901        7.767465377766013     8.615880697633543
6      6.0                      7.767465377766013     8.615880697633543
3      5.448377908415901        7.767465377766013     8.615880697633543
4      5.448377908415901        7.767465377766013     8.615880697633543
7      7.0                      7.767465377766013     8.615880697633543
2      5.122400494256516        7.767465377766013     8.615880697633543
6      6.0                      7.767465377766013     8.615880697633543
7      7.0                      7.767465377766013     8.615880697633543
6      6.9999999999999485       7.767465377766013     8.615880697633543
6      6.9999999999999485       7.767465377766013     8.615880697633543
5      6.9999999999999485       7.767465377766013     8.615880697633543
6      6.9999999999999485       7.767465377766013     8.615880697633543
6      6.9999999999999485       7.767465377766013     8.615880697633543
7      7.0                      7.767465377766013     8.615880697633543
6      6.955040626057682        7.767465377766013     8.615880697633543
6      6.955040626057682        7.767465377766013     8.615880697633543
3      6.955040626057682        7.767465377766013     8.615880697633543
8      8.0                      8.0                   8.615880697633543
8      8.0                      8.0                   8.615880697633543
2      5.1440518373613155       7.620303170448635     8.615880697633543
6      6.0                      7.620303170448635     8.615880697633543
3      5.999999999999986        7.620303170448635     8.615880697633543
5      5.999999999999986        7.620303170448635     8.615880697633543
6      6.0                      7.620303170448635     8.615880697633543
5      5.999999999999986        7.620303170448635     8.615880697633543
6      6.0                      7.620303170448635     8.615880697633543
4      5.999999999999986        7.620303170448635     8.615880697633543
7      7.0                      7.620303170448635     8.615880697633543
4      5.566360945474968        7.620303170448635     8.615880697633543
4      5.566360945474968        7.620303170448635     8.615880697633543
7      7.0                      7.620303170448635     8.615880697633543
6      6.999999999999909        7.620303170448635     8.615880697633543
7      7.0                      7.620303170448635     8.615880697633543
4      6.519449701854853        7.620303170448635     8.615880697633543
7      7.0                      7.620303170448635     8.615880697633543
5      6.626238656998199        7.620303170448635     8.615880697633543
6      6.626238656998199        7.620303170448635     8.615880697633543
3      6.626238656998199        7.620303170448635     8.615880697633543
8      8.0                      8.0                   8.615880697633543
9      9.0                      9.0                   9.0  
7      7.0                      7.0                   7.810228630325593
5      5.322210936625287        6.64442187325065      7.810228630325593
3      5.322210936625287        6.64442187325065      7.810228630325593
4      5.322210936625287        6.64442187325065      7.810228630325593
4      5.322210936625287        6.64442187325065      7.810228630325593
4      5.322210936625287        6.64442187325065      7.810228630325593
4      5.322210936625287        6.64442187325065      7.810228630325593
7      7.0                      7.0                   7.810228630325593
3      4.830753604558108        6.661507209116293     7.810228630325593
9      9.0                      9.0                   9.0  
7      7.0                      7.0                   7.78013489443983 
4      6.398098727939138        6.999999999999984     7.78013489443983 
6      6.398098727939138        6.999999999999984     7.78013489443983 
7      7.0                      7.0                   7.78013489443983 
3      5.674267126321668        6.999999999999984     7.78013489443983 
5      5.674267126321668        6.999999999999984     7.78013489443983 
4      5.674267126321668        6.999999999999984     7.78013489443983 
5      5.674267126321668        6.999999999999984     7.78013489443983 
5      5.674267126321668        6.999999999999984     7.78013489443983 
7      7.0                      7.0                   7.78013489443983 
0      1.8462393023409627       3.9428035124894447    7.78013489443983 
7      7.0                      7.0                   7.78013489443983 
0      3.666882680917647        6.361827295817877     7.78013489443983 
5      5.0                      6.361827295817877     7.78013489443983 
4      4.999999999999932        6.361827295817877     7.78013489443983 
7      7.0                      7.0                   7.78013489443983 
5      5.166743814613396        6.999999999999974     7.78013489443983 
2      5.166743814613396        6.999999999999974     7.78013489443983 
10     10.0                     10.0                  10.0  
8      8.0                      8.0                   8.668987621573796
2      5.188950596817099        7.252320954907208     8.668987621573796
4      5.188950596817099        7.252320954907208     8.668987621573796
6      6.0                      7.252320954907208     8.668987621573796
3      5.626740716180523        7.252320954907208     8.668987621573796
8      8.0                      8.0                   8.668987621573796
9      9.0                      9.0                   9.0  
1      3.8230513649426943       7.7912187630879375    8.877072281167095
6      6.0                      7.7912187630879375    8.877072281167095
7      7.0                      7.7912187630879375    8.877072281167095
7      7.0                      7.7912187630879375    8.877072281167095
6      6.765354923153929        7.7912187630879375    8.877072281167095
4      6.765354923153929        7.7912187630879375    8.877072281167095
5      6.765354923153929        7.7912187630879375    8.877072281167095
6      6.765354923153929        7.7912187630879375    8.877072281167095
6      6.765354923153929        7.7912187630879375    8.877072281167095
5      6.765354923153929        7.7912187630879375    8.877072281167095
6      6.765354923153929        7.7912187630879375    8.877072281167095
6      6.765354923153929        7.7912187630879375    8.877072281167095
6      6.765354923153929        7.7912187630879375    8.877072281167095
6      6.765354923153929        7.7912187630879375    8.877072281167095
5      6.765354923153929        7.7912187630879375    8.877072281167095
7      7.0                      7.7912187630879375    8.877072281167095
6      6.694671435983373        7.7912187630879375    8.877072281167095
5      6.694671435983373        7.7912187630879375    8.877072281167095
5      6.694671435983373        7.7912187630879375    8.877072281167095
8      8.0                      8.0                   8.877072281167095
6      7.422652105437605        7.999999999999983     8.877072281167095
6      7.422652105437605        7.999999999999983     8.877072281167095
7      7.422652105437605        7.999999999999983     8.877072281167095
6      7.422652105437605        7.999999999999983     8.877072281167095
9      9.0                      9.0                   9.0  
4      7.011812230793547        8.223624461587107     8.999999999999888
6      7.011812230793547        8.223624461587107     8.999999999999888
6      7.011812230793547        8.223624461587107     8.999999999999888
7      7.011812230793547        8.223624461587107     8.999999999999888
6      7.011812230793547        8.223624461587107     8.999999999999888
9      9.0                      9.0                   9.0  
9      9.0                      9.0                   9.0  
7      7.999999999999973        7.999999999999975     8.469446125518253
8      8.0                      8.0                   8.469446125518253
5      5.0                      5.999999999999984     8.469446125518253
2      4.5893882773480845       5.999999999999984     8.469446125518253
3      4.5893882773480845       5.999999999999984     8.469446125518253
6      6.0                      6.0                   8.469446125518253
0      1.492420198105679        4.746088141532336     8.469446125518253
0      1.492420198105679        4.746088141532336     8.469446125518253
8      8.0                      8.0                   8.469446125518253
7      7.0                      7.999999999999796     8.469446125518253
7      7.0                      7.999999999999796     8.469446125518253
4      6.999999999999982        7.999999999999796     8.469446125518253
7      7.0                      7.999999999999796     8.469446125518253
6      6.999999999999982        7.999999999999796     8.469446125518253
7      7.0                      7.999999999999796     8.469446125518253
5      6.999999999999982        7.999999999999796     8.469446125518253
7      7.0                      7.999999999999796     8.469446125518253
3      6.088272247070264        7.999999999999796     8.469446125518253
7      7.0                      7.999999999999796     8.469446125518253
5      6.573560205891884        7.999999999999796     8.469446125518253
3      6.573560205891884        7.999999999999796     8.469446125518253
8      8.0                      8.0                   8.469446125518253
5      7.423539265885418        7.9999999999999       8.469446125518253
7      7.423539265885418        7.9999999999999       8.469446125518253
9      9.0                      9.0                   9.0  
5      6.614773414658664        7.955520069707405     8.231049290515244
4      6.614773414658664        7.955520069707405     8.231049290515244
3      6.614773414658664        7.955520069707405     8.231049290515244
7      7.0                      7.955520069707405     8.231049290515244
7      7.0                      7.955520069707405     8.231049290515244
7      7.0                      7.955520069707405     8.231049290515244
7      7.0                      7.955520069707405     8.231049290515244
8      8.0                      8.0                   8.231049290515244
5      5.608085650015011        6.912128475022651     8.231049290515244
5      5.608085650015011        6.912128475022651     8.231049290515244
2      5.608085650015011        6.912128475022651     8.231049290515244
6      6.0                      6.912128475022651     8.231049290515244
8      8.0                      8.0                   8.231049290515244
4      4.0                      5.269480841692598     8.231049290515244
1      3.769480841692616        5.269480841692598     8.231049290515244
7      7.0                      7.0                   8.231049290515244
3      5.679608742489485        6.999999999999952     8.231049290515244
5      5.679608742489485        6.999999999999952     8.231049290515244
5      5.679608742489485        6.999999999999952     8.231049290515244
7      7.0                      7.0                   8.231049290515244
6      6.0                      6.847404208462892     8.231049290515244
1      4.065180619060891        6.847404208462892     8.231049290515244
7      7.0                      7.0                   8.231049290515244
2      5.748679472386733        6.999999999999952     8.231049290515244
5      5.748679472386733        6.999999999999952     8.231049290515244
5      5.748679472386733        6.999999999999952     8.231049290515244
5      5.748679472386733        6.999999999999952     8.231049290515244
5      5.748679472386733        6.999999999999952     8.231049290515244
9      9.0                      9.0                   9.0  
4      7.01476528849194         8.52953057698381      8.99999999999992 
7      7.01476528849194         8.52953057698381      8.99999999999992 
9      9.0                      9.0                   9.0  
5      5.647889842666292        6.999999999999977     8.06924633801935 
3      5.647889842666292        6.999999999999977     8.06924633801935 
4      5.647889842666292        6.999999999999977     8.06924633801935 
5      5.647889842666292        6.999999999999977     8.06924633801935 
6      6.0                      6.999999999999977     8.06924633801935 
4      5.999999999999962        6.999999999999977     8.06924633801935 
5      5.999999999999962        6.999999999999977     8.06924633801935 
7      7.0                      7.0                   8.06924633801935 
7      7.0                      7.0                   8.06924633801935 
6      6.0                      6.3380339260942264    8.06924633801935 
4      5.999999999999942        6.3380339260942264    8.06924633801935 
6      6.0                      6.3380339260942264    8.06924633801935 
4      4.059862303332784        6.3380339260942264    8.06924633801935 
0      4.059862303332784        6.3380339260942264    8.06924633801935 
6      6.0                      6.3380339260942264    8.06924633801935 
1      3.471834763999352        6.3380339260942264    8.06924633801935 
8      8.0                      8.0                   8.06924633801935 
7      7.0                      7.152229014065579     8.06924633801935 
6      6.0                      7.152229014065579     8.06924633801935 
3      5.999999999999988        7.152229014065579     8.06924633801935 
6      6.0                      7.152229014065579     8.06924633801935 
5      5.999999999999988        7.152229014065579     8.06924633801935 
4      5.999999999999988        7.152229014065579     8.06924633801935 
6      6.0                      7.152229014065579     8.06924633801935 
1      4.312529387783598        7.152229014065579     8.06924633801935 
7      7.0                      7.152229014065579     8.06924633801935 
7      7.0                      7.152229014065579     8.06924633801935 
5      5.999999999999971        7.152229014065579     8.06924633801935 
6      6.0                      7.152229014065579     8.06924633801935 
1      5.829188217707903        7.152229014065579     8.06924633801935 
6      6.0                      7.152229014065579     8.06924633801935 
5      5.999999999999971        7.152229014065579     8.06924633801935 
9      9.0                      9.0                   9.0  
5      7.019687051322592        8.99999999999993      8.999999999999982
9      9.0                      9.0                   9.0  
5      7.221655756454835        8.999999999999979     8.999999999999982
9      9.0                      9.0                   9.0  
9      9.0                      9.0                   9.0  
4      4.0                      4.375988611198971     6.75562097592014 
0      2.2216557564548487       4.375988611198971     6.75562097592014 
0      2.2216557564548487       4.375988611198971     6.75562097592014 
8      8.0                      8.0                   8.0  
4      4.481103837636623        6.042655277865563     7.999999999999978
4      4.481103837636623        6.042655277865563     7.999999999999978
1      4.481103837636623        6.042655277865563     7.999999999999978
7      7.0                      7.0                   7.999999999999978
###Resulting water and ground levels:
 


  


 
 



 


 
 



 

 
 





 
 

 
 


  






 
 
 


  
  
  

 


 
 

 
 

 
 

 

 
 

 
 


 


 
 
 
 
 


 
 


 
 











  


 

 

 

  

 
 
 

  

 
 




 
 
 
 
 
 
 
 
 
 
 
 
 

 
 
 
 
 


  

 
 
 
 

 
 

 
 

  



 
 
 








 
 
 


 

 
 
 

 

 
 
 




 

 

  





 





 
 
 
 
 
 
 
 

 
 
 
 
 

  

 
 
 
 
 
 
 




 






 



 



 
 
 
 
 


  

 
 



 

  
  
  


 



  

 

 
 
 
 

 


 
 

 


 

 
 

 
 
 


 
 
 
 


 
 




 
 



  
  

  

  
  
  

  


  

  


 



  
  


  



 
 
 

 



 
 
 
 
 
 
 

 
 

 


 
 

 


 
 


 





 


  
  


 

 

 

 
 

 
 

 
 

 

 
 



  
  
  
  
  
  


 

 
 
 
 
 

 
 
 

 
 
 
 
 
 
 
 
 
 

  

 

  

 
 
 
 

 
 

 


 
 



 
 









 
 
 

 
 
 
 
 
 

 
 
 




 

 
 
 

 

 
 
 
 







 
 

  
  


  
  
  
  

 

 




 

 
 
 
 

 
 

 

  
  

 
 

 
 

 

 

 
 
 

 
 

 
 
 

 


 

  

 
 
 
 

 
 

 
 

 
 


 

 
 
 


 
 
 

 
 
 
 
 
 
 

 
 
 


 

 
 
 
 
 

 
 

 
 

 
 



 


  
  



 
 

 
 

 
 
 






 
 

 
 

  

 
 

 
 
 
 
 

  

 
 

 
 
 



 
 
 

  
  
  
  
  
  
  




 

 
 



 

 
 


 
 
 

 
 

  


  


  

 
 

  
  



 
 
 
 


 

 
 

 

 
 
 
 







 


 


 



 

  
  


 





 


 
 

 
 

 


  
  
  
  
  

 
 
 


  

 
 

 

 

 
 

 

 

 
 
 



 
 
 
 
 
 

 


 
 

 
 
 
 
 

  

 

 

 
 


 
 

 


  



 
 
 
 
 
 
 
 
 
 
 

 
 
 

 
 
 
 

 
 
 
 
 


 


  
  

 
 



 

 

 

 

 
 

 
 

 
 
 





 
 
 



 

 
 
 


 

 
 
 
 
 




 
 
 
 

 
 



 

 
 

 



 

 
 

 


 

 

 

 

 



  
  

 
 
 

